
#mytestgroup = {
#	1 2 3
#}

iberia_land_region = {
	211 214 2990 3072 3071
	197 212 213 333 2987 3074 2988
	220 1750 3073
	224 225 226 1749 3078
	222 223 1748 3079 
	215 217 1746 2755 3083 3082 3080
	219 221 2751 2754 3075
	206 207 1745 3077
	208 216 218 1747 3076 3081
	227 229 230 3085 3084
	231 232 228 1851
	209 210 3066 2989
}
north_italy_region = {
	108 111 112 1774 3042 3043 3044 #venetia
	104 107 109 1862 2979 3040 #lombardy
	103 1875 2981 3004 3041 #piedemont
	101 102 2992 3030 #liguria
	105 106 113 114 3005 #emilia_romagna_area
}
central_italy_region = {
	118 119 2976 2977 3015 3037 #central_italy_area
	115 116 117 2978 2980 3038 3014 3013 #tuscany
}
south_italy_region = {
	122 1933 2985 3017 #apulia_area
	123 1934 2984 #calabria_area
	120 121 2983 3016 3039 #naples_area 
	127 1247 2986 3021 3020 #corsica_sardinia_area
	124 125 126 2982 3019 #sicily_area 
}