# A province can belong to several regions.

########################################
# EUROPE                               #
########################################

spanish_region = {
	197	206	207	208	209	210	211	212	213	214	215	216	217	218	219	220	221	222	223	224	225		
	226	333 366 1745 1746 1747 1748 1749 1750 2751 2754 2755
	2987 2988 2989 2990
}

iberian_peninsula = {
	206 207 208 209 210 211 212 213 214 215 216 217 218 219 220 221 222 223 224 225 226 227 228 229
	230 231 232 1745 1746 1747 1748 1749 1750 333 1851 2751 2754 2755
	2987 2988 2989 2990
}

andalusia = {
	221 222 223 224 225 226 1748 1749
}

italian_region = {
	101 102 103 104 105 106 107 108 109 110 111 112 113 114 115 116 117 118 119 120 121
	122 123 124 125 126 127 205 1247 1774 1862 1875 1933 1934
	2976 2977 2978 2979 2980 2981 2982 2983 2984 2985 2986 2992
}

lombardia = { #Northern Italy
	101 102 103 104 105 106 107 108 109 110 111 112 113 114 115 116 117 118 119
	1247 1774 1862 1875 2976 2977 2978 2979 2980 2981 2992 
}

kingdom_of_italy_HRE_region = { #Kingdom of Italy
	101 102 103 104 105 106 107 108 109 110 111 113 114 115 116 117 118 119 205
	1774 1862 1875 2976 2977 2978 2979 2980 2981 2992 
}

two_sicilies = {
	120 121 122 123 124 125 126 1933 1934 
	2982 2983 2984 2985 
}

southern_italy_region = { #Southern Italy / Kingdom of Naples
	120 121 122 123
	1933 1934 2983 2984 2985
}

sicily_region = {
	124 125 2982
}

the_low_countries = {
	88 90 91 92 93 94 95 96 97 98 99 100 1742 1743 1744 1865 1866 2974
}
 
spanish_netherlands = {
	88 90 91 92 93 94 1742 1743 1744 1865 1866
}

german_region = {
	44 45 46 47 48 49 50 51 52 53 54 55 56 57 58 59 60 61 62 63 64 65 66 67 68 69 70 71 72 73 74 
	75 76 77 78 79 80 81 82 83 84 85 86 128 129 132 133 134 1757 1758 1759 1760
	1761 1762 1763 1768 1769 1770 1775 1857 1858 1863 1868 1872 1874 
	1876 1878 1880 1931 2955 2956 2957 2964 2965 2966 2969
	2971 2972 2973 2975 2993 2994 2995 2996
} 

western_balkans = {
	129 130 131 136 137 138 139 140 141 142 143 144 145 146 147 148 152 163 164 1766 1767 1769
	1773 1826 1827 1828 1831 1853 3000 3001 3002 3003
}

eastern_balkans = {
	149 150 151 159 160 161 268 1756 1764 1765 2405 2746 2750 2998
}

croatian_region = {
	129 130 131 136 152 1767 1769 1826
}

serbian_region = {
	137 138 139 140 141 1766 1827 1828 1831 3000 3002
}

greece_region = {
	142 143 144 145 146 147 148 149 151 163 164 1773 1853 3003
}

hungarian_region = {
	135 153 154 155 156 157 158 162 1772 1864 1951 1952 1953 1954 1318
}

dacia = {
	158 160 161 268 1756 2405 2998
}

bulgarian_region = {
	150 159 1764 1765 2746 2750
}

anatolia = {
	316 317 318 319 320 2296 2297 322 323 324 325 326 327 328 329 330 332 1846 1848 2298 2299 2300 2301 2302 2304 2348
}

asia_minor = {
	316 317 318 319 320 321 2296 2297 2348
}

#turkey = {
#	316 317 318 319 320 321 322 323 324 325 326 327 328 329 330 331 332 1846 1848 2296 2297 2298 2299 2300 2301 2302 2303 2304 2305
#}

wielkopolska = {
	40 41 42 43 254 255 256 257 269 767 1841 1859 1938
	2958 2963 2997
}

malopolska = {
	258 259 260 261 262 1939 1940 2424
	2959 2960 2961
}

prussian_region = {
	40 41 42 43 767
	1841 1859 2958 2997
}

the_baltics = {
	35 36 37 38 39 273 1834 1842 1935
}

lithuanian_region = {
	270 271 272 770 1936 1937 
}

belarus = {
	275 276 277 278 292 1941
}

ukrainian_region = {
	279 280 281 282 283 289 290 291 298 1942 1943 1944 1945 2406 2407 2411
	2962
}

icelandic_region = {
	370 371
}

shetland_and_faroarna = {
	1978 1979
}

british_isles = {
	233 234 235 236 237 238 239 240 241 242 243 244 245 246 247 248 249
	250 251 252 253 369 372 373 374 375 376 1860 1861
}

great_britain_region = {
	233 234 235 236 237 238 239 240 241 242 243 244 245 246 247 248 249
	250 251 252 253 369 1860 1861
}

irish_region = {
	372 373 374 375 376
}

highlands = {
	252 253 369
}

lowlands = {
	248 249 250 251
}

northumbria = {
	244 245 246 247
}

mercia = {
	234 237 239 240 243 1860 1861
}

welsh_region = {
	233 241 242
}

essex = {
	235 236 238
}

french_region = {
	89 167 168 169 170 171 172 173 174 175 176 177 178 179 180 181 182 183 184 185 186 187 188 189
	190 191 192 193 194 195 196 197 198 199 200 201 202 203 204 1877 1879 2753 2991
}

gallia = {
	87 89 167 168 177 178 179 182 183 184 185 186 190 191 192 193 1877 1879
}

breton_region = {
	169 170 171 172
}

aquitania = {
	173 174 175 176 180 194
}

occitania = {
	195 196 197 198 199 200 201 202 203 204 2753 2991
}

scandinavian_region = {
	1 2 3 4 5 6 7 8 9 10 11 12 13 14 15 16 17 18 19 20 21 22 23 24 25 26 27 28 29 30 31 32 315 1930 1981 1982 1983 1984 1985 2752
}

swedish_region = {
	1 2 3 4 5 6 7 8 9 10 11 16 18 25 26 1982 1985
}

finnish_region = {
	19 27 28 29 30 31 32 1930
}

danish_region = {
	12 13 14 15 1981 1983 1984
}

norwegian_region = {
	17 20 21 22 23 24 315 2752
}

lotharingia = {
	75 80 83 84 85 86 187 188 189 1760 1761 1878 1880 2975
}

swabia = {
	68 69 70 1868 1872
}

bavarian_region = {
	64 65
	1757 2955 2956 2957
}

franconian_region = {
	66 67 71 79
}

helvetia = {
	165 166 1867 1869 1870 1871 1873
}

austrian_region = {
	73 110 128 132 133 134 1768 1770 1863
}

bohemian_region = {
	60 263 264 265 266 267 1763 1771
	2966 2968 2970 2967
}

westphalian_region = {
	52 53 56 57 81 82 86 1758 1762
	2964 2971 2972 2973
}

russian_region = {
	32 33 34 274 275 283 284 285 286 287 288 289 290 291 292 293 294 295 296 297 298 299 300 301 302 303 304
	305 306 307 308 309 310 311 312 313 314 467 473 771 1082 1083 1752 1753 1754 1755 1776 1777 1778 1079 1077
	1081 1945 1955 1956 1957 1958 1959 1960 1961 1962 1963 1964 1974 1972 1971 1944
    2406 2407 2408 2409 2410 2411 2412 2413 2414 2415 2421 2422 2423 475 2447 2749
	### STT
	2425 3145 3146
}

western_siberia = {
	305 470 471 472 473 474 475 479 480 1061 1062 1063 1064 1065 1067 1068 1069 1070 1071 1072 1073 1074 1075
	1076 1077 1078 1079 1080 1081 1082 1780 1965 1972 1966 1962 1963
	2366 2357 2369 2354 478 2355 2353 2351 465 2419 2420 2421 2422 2427 2430 2431 2444 2441 2428 2429 2434 2432 2433 2443 2445 
	### STT
	2426 3147 3148
}

eastern_siberia = {
	1032 1033 1034 1035 1036 1037 1038 1039 1040 1041 1042 1043 1044 1045 1046 1047 1048
	1050 1051 1052 1053 1054 1055 1056 1057 1058 1059 1060 2102 2103
	2435 2436 2437 2438 2439 2442 2446 2440
	### STT
	3004 3005 3006
}

crimean_region = {
	284 285 286 287
	1974 2410 2412 2447
}

danelaw = {
	245 246 243 1860
}

########################################
# ASIA                                 #
########################################

mongolia = {
	2114 2115 2191 722 723 702 701 709 724
	2116 2117 2189 2190 721 720 2193 718 719 716 1066 1058 717 2747
}

manchuria = {
	2102 2103 2104 2105 2106 2186 1048 1049 1050 729 1850
	2107 2108 2109 2110 2111 2185 2187 2188 725 727 728 730 731 1053 2112 2113 726 704
}

korean_region = {
	732 733 734 735 736 737 1013 1845
	2694 2741 2742 2743 2744 2745
}

japanese_region = {
	1012 1014 1017 1018 1019 1020 1021 1023 1024 1025 1026 1027
	1028 1029 1030 1031 1818 1819 1820 1825 1830
	1832 1835 1837 1839 1843 1847 1852
}

new_zealand_region = {
	1106 1107 1108 1109 1246 2737 2738 2739
}

australian_coast = {
	1084 1085 1086 1087 1088 1089 1090 1091 1092 1093 1094
	2726 2727 2728 2729 2730 2731 2732 2733 2734 2735 2736
	### STT
	3073 3074 3075 3076 3077 3078 3079 3080 3081 3082 3083 3084 3085 3086 3087 3088
}

indonesian_region = {
	617 618 619 620 621 622 623 624 625 626 627 628 629 630 631 632 633 634 635 636 637 638  639 640
	641 642 643 644 645 646 647 648 649 650 651 652 653 654 655 656 657 658 659
	2673 2674 2675 2676 2677 2678 2679 2680 2681 2682 2683 2684 2685 2686 2687 2688 2689 2690 2691 2692
	2693 2695 2696 2697 2698 2699 2700 2701 2702 2703 2704 2705 2706 2707 2708 2709 2710 2711 2712
	2713 2714 2715 2716 2717 2725
	### STT
	2740
	3089 3090 3091 3092
}

indochinan_region = {
	579 580 581 582 583 584 585 586 587 588 589 590 591 592 593 594 595 596 597 598 599 600
	601 602 604 603 605 606 607 608 609 610 611 612 613 614 615 616 1016 1022 1815 1817 1823 1844
	2371 2372 2373 2374 2375 2376 2377 2378 2379 2380 2381 2382 2383 2384 2385 2386 2387
	2388 2389 2390 2391 2392 2393 2394 2395 2396 2397 2398 2399 2400 2401 2402 2403 2404
}

persian_region = {
	412 413 414 417 426 427 428 429 430 431 432 433 434 435 436 445 446 447 575 576 577
	2209 2210 2211 2212 2213 2214 2215 2216 2217 2218 2219 2220 2221 2222 2223 2224
	2229 2230 2231 2232 2233 2234 2235 2236 2999
}

baluchistan_region = {
	434 575 576
	2230 2231 2232 2233
}

khorasan_region = {
	427 431 432 435 436 437 445 446
	2214 2220 2221 2224 2229 2235 2236 2349 2350
}

afghanistan_region = {
	446 447 448 449 450 451 452 577
	2224 2225 2226 2227 2228 2229
}

tabarestan_region = {
	417 426 2214
}

sistan_region = {
	435 2224 2229
}

atlantic_ocean_islands = {
	366 367 368 481 1095 1096 1098 2025 1306
}

mascarene_islands = {
	1102 1103
}

pacific_ocean_islands = {
	1235 1236 1237 1238 1239 1240 1241 1242 1243 1244 1245
	1986 1987 1988 1989 1990 1991 1992 1993 1994 1995 1996 1997
	2002 2718 2719 2720 2721 2722 2723 2724
	### STT
	1789
	3093 3094 3095 3096 3097
}

spice_islands = {
	645 646 647 648 649 650
}

malay_peninsula_region = {
	594 595 596 597 598 599 2392 2393
}

borneo_region = {
	636 637 638 639 640 2703 2704 2705 2706 2707 2708 2709 2710 2711 2712
	### STT
	2740
	3089 3090 3091 3092
}

sumatran_region = {
	617 618 619 620 621 622 623 2673 2674 2675 2676 2677 2680 2681 2682 2685
}

javan_region = {
	624 625 626 627 628 629 630 2687 2688 2689 2690 2691
}

armenian_region = {
	331 419 2204 2205 2305 2306 2307 
}

mesopotamian_region = {
	406 407 408 409 410 411 415 418 2303 2308 2309 2310 2311 2312
}

syrian_region = {
	364 365 377 378 379 380 381 382 405 1849 1854 1855 2313 2314
}

hedjazi_region = {
	383 384 385 2327 2328 2329 2330 2331 2332
}

yemeni_region = {
	386 387 388 389 390 391 401 402 1099 2343 2344 2345 2346
}

omani_region = {
	395 396 397 398 399 400 403 404 2333 2341 2342
}

nejdi_region = {
	392 393 394 2335 2336 2337 2338 2339 2340 2347
}

azerbaijani_region = {
	416 420 421 424 425 2202 2206 2207
}

caucasus = {
	419 420 421 422 423 425 462 463 1856 2195 2196 2197 2198 2199 2201 2203 2204 2208
}

transoxiana_region = {
	442 453 454 455 456 457 458 460 1967 1968 1969 1970
	2356 2363 2364
}

middle_east = {
	392 393 394 2335 2336 2337 2338 2339 2340 395 396 397 398 399 400 403 404 2333 2341 2342
	386 387 388 389 390 391 401 402 1099 2343 2344 2345 2346 364 365 377 378 379 380 381 382
	405 1849 1854 1855 2313 2314 406 407 408 409 410 411 415 418 2303 2308 2309 2310 2311 2312
	331 2305 2306 2307 383 384 385 2327 2328 2329 2330 2331 2332 2347 316 317 318 319 320 2296
	2297 322 323 324 325 326 327 328 329 330 332 1846 1848 2298 2299 2300 2301 2302 2304 358
	359 360 361 362 363 1231 1233 2315 2316 2317 2318 2319 2320 2321 2325 2348
	##### STT
	1779 2334
}

central_asia = {
	303 437 438 439 440 441 442 443 444 445 453 454
	455 456 457 458 459 460 461 465 469 470 471 472 
	474 475 476 477 478 479 714 715 1965 1966 1973 1970
	1969 1967 1968 2118 2119 2120 2125 2126 2127 2349 2350 2351
	2352 2353 2354 2355 2356 2357 2358 2359 2360 2361 2362 2363
	2364 2365 2366 2367 2368 2369 2370 2418 2419 2420
}

########################################
# AFRICA                               #
########################################

west_african_coast = {
	1111 1112 1113 1114 1118 1119 1126 1139 1141 1147 1151 1163 1164 1165 1166 1167 1168 1097
	2239 2241 2242 2258 2290 2294 1306
	### STT
	2251 3008 3009
}

south_africa = {
	788 789 833 1172 1174 1175 1176 1177 1178 1179 1180 1181 1182 1183 1184 1185 1186 1187 1188 1189 1190
	1191 1192 1193 1194 1792 2856 2864 2880
	2950 2951 2952
	### STT
	3059 3060 3061 
	3063 3064 3065 3066 3067 3068 3069 3070 3071 3072
}

central_africa = {
	774 1097 1112 1113 1114 1115 1116 1117 1118 1119 1120 1121 1122 1123 1124 1125 1126 1128 1129 1130 1131 1132 1133 1134 1135 1136 1137 1138
	1139 1140 1141 1142 1143 1144 1145 1146 1147 1148 1149 1150 1151 1152 1153 1154 1155 1156 1157
	1158 1159 1160 1161 1162 1163 1164 1165 1166 1167 1169 1170 1171 1195 1196 1197 1198 1199
	1200 1201 1202 1203 1204 1249
	2237 2238 2239 2240 2241 2242 2243 2244 2245 2246 2247 2248 2249 2250 2251 2252 2253
	2254 2255 2256 2257 2258 2259 2260 2261 2262 2263 2264 2265 2266 2267 2268 2269 2270
	2271 2272 2273 2274 2275 2276 2277 2278 2279 2280 2281 2282 2283 2284 2285 2286 2287
	2288 2289 2290 2291 2292 2293 2294 2295 2796 2932
	1901 2948 2949 1168 798 #New Kongo
	### STT
	3010 3011 3012 3013 3014 3015 3016 3017 3018 3019 3020 3021 3022 3023 3024 3025 3026 3027 3028 3029 3030 3031 3032 3033 3034 3035 3036 3037 3038 3039 3040 3041 3042 3043 3044 3045 3046 3047 
	3048 3049 3050 3051 3052 3053 3054 3055 3056 3057 3058
	3062
}

north_africa = {
	358 359 360 361 362 363 1231 1233 2315 2316 2317 2318 2319 2320 2321 2325 #Egypt
	1216 1217 1219 1220 1221 1222 1225 1226 1229 1228 1230 1232 #Sudan
	1234 2322 2323 2324#Upper Egypt
	334 335 342 343 344 345 346 347 348 349 1110 1751 2460 2464 2465 2466 2467 2468 2469 2470 #Morocco
	336 337 338 339 340 350 351 1882 2456 2457 2458 2459 2461 2462 2463 2472 #Algeria
	341 352 353 354 355 2448 2449 2450 2451 2452 2453 2454 2455 2473 2954 #Tunisia, Fezzan & Tripolitania
	356 357 2326 #Cyrenaica
	1111 1127 #Arguin & Tuat
	2474 2475 #Sahara
	2797 2798 2799 2800 2801 2802
	### STT
	3008
}

egypt_region ={
	358 359 360 361 362 363 1231 1233 1234 2315 2316 2317 2318 2319 2320 2322 2323 2321 2324 2325
}

arab_region = {
	358 359 360 361 362 363 1231 1233 2315 2316 2317 2318 2319 2320 2321 2325 #Egypt
	406 407 408 409 410 2309 2310 2311 2312 #Mesopotamia
	364 365 377 378 379 380 381 382 405 1849 1854 1855 2313 2314 #Syria
	383 384 385 2327 2328 2329 2330 2331 2332 #Hedjaz
	392 393 394 2335 2336 2337 2338 2339 2340 2347 #Nejd
	395 396 397 398 399 400 403 404 2333 2341 2342 #Oman
	386 387 388 389 390 391 401 402 1099 2343 2344 2345 2346 #Yemen
}


moroccan_region = {
	334 335 342 343 344 345 346 347 348 349
	1110 1751 2460 2464 2465 2466 2467 2468 2469 2470
}

algerian_region = {
	336 337 338 339 340 350 351 1882
	2456 2457 2458 2459 2461 2462 2463 2472
}

tunisian_region = {
	341 352 353 354
	2451 2452 2453 2454 2455 2473 2954
}

tripoli_region = {
	353 354 355
	2449 2450 2451 2452 2954
}

cyrenaica_region = {
	356 357 2326
}

saharan_region = {
	2448 2474 2475
}

kongo = {
	1166 1167 1169 1170 1171 1901 2948 2949 1168 798
}

senegambia = { 
	1112 1113 1115 1116 2237 2239 2240  
}

ashanti_region = {
	1138 2257 
}

manding = {
	1121 1122 1124 2248 
}

niger_delta = {
	1120 1123 1131 1132 1134 2249 2250 2259 2260 2261 2263 
}

kodugu = {
	2243 2244 2245 2246 2247	
}	

volta_basin = {
	1135 1136 1137 1138 1139 2252 2254 2256 2257 2258 2265 2266 2267
}

lower_niger = {
	1140 1141 1143 1144 1145 1146 1147 1151 1152 1153 1163 2289 2290 2291 2292 2294 2295 
}

hausaland = {
	1148 1149 1150 1154 1155 2279 2280 2281
}

middle_niger = {
	1133 1142 2262 2264 2268 2269 2270
}

lake_chad = {
	1157 1158 1159 1160 2282 2283 2284 2285 2286 2287 2288
}

southern_sahara = {
	1128 1129 1130 1156 2271 2272 2273 2274 2275 2276 2277 
}

timbuktu_region = {
	1128 1129 1132 2247
}

guinean_coast = {
	2241 1118 2242 1119 1126
}

banaadir_region = {
	1205 1206 2024 2774 2775 2776 2777 2794 2780 2781 2782 2784 2783 2786 2785 2788 2795
}

haud_region = {
	1207 1208 1210 2778 2779 2792
}

kaffa_region = {
	1218 2756 2757 2758 2759
}

tigray_region = {
	1227 1230 2766 2767 2787
}

amhara_region = {
	1214 1223 1224 2770 2771 2772 2762 2763 2769 2768 2791 2760 2761 1213
}

maakhir_region = {
	2764 2765 1211 1212 1215 2773 2793 1209 2790 2789
}

oromo_spawn_region = {
	1207 1210 1218 2760 2761 2779
}


########################################
# NORTH AMERICA                        #
########################################

greenland_region = {
	1104 1105
}

northern_america = {
	910 911 912 913 914 915 944 945 982 983 984 985 986 987 988 989
	990 991 992 993 994 995 996 997 998 999 1000 1001 1002 1003 1004
	1005 1006 1007 1008 1009 1010 1011 1813 2012 2016 2015 2517 2518
	2521 2522 2670 2587 2671 2582 2583 2584 2585 2576 2577 2578
	2579 2580 2581 2570 2571 2572 2568 2569 2586 2588 2589 2590 2591
	2592 2593 2594 2511 2005 2596 2574 2575
	### STT
	1806 3143 3144
}

northeastern_america = {
	938 950 953 956 957 962 965 966 967 968 970 971 980 981 982 983 984 985 952 2010 2013 2546 2547 2550 2554 2560 2561 2566 2568 2569 2570 2572 2573 2639
}

eastern_america = {
	923 924 925 928 927 926 929 930 931 932 933 935 936 937 949 951  954 955 958 963 959 960 961 964 969 2011 2023 2533 2534 2535 2536 2537 2538 2539 2540 2541 2542 2543 2544 2545 2548 2549 2551 2552 2553 2555 2556 2557 2558 2559 2562 2563 2564 2565 
}

western_america = {
	867 868 869 870 871 875 876 877 878 879 880 881 2021 2476 2477 2478 2479 2480 2481 2491 2492 2493 2494 2495 2496
	### STT
	3121 3122 3123 3124 3125 3126 3127 3128 3129 3130 3131 3132 3133 3134
}

northwestern_america = {
	872 873 874 972 973 974 975 976 977 978 979 2003 2019 2020 2022 2481 2482 2483 2484 2485 2486 2487 2488 2489 2490 2603 2604 2605 2606 2607 2609 2610 2611 2612 2613
	### STT
	3135 3136 3138 3139 3140 3141 3142 
}

the_mississippi_region = {
	893 895 910 911 912 913 914 915 916 917 918 919 920 921 922 934 939 940 941 942 943 944 945 946 947 948 2014 2516 2517 2518 2519 2520 2521 2522 2523 2524 2525 2526 2527 2528 2529 2530 2531 2532
}

great_plains = {
	882 883 884 885 886 887 888 889 890 891 894 895 892 896 897 898 899 900 901 902 903 904 905 906 907 908
	2004 2005 2006 2007 2008 2009 909 2016 1809 2018 2017 2497 2498 2499 2500 2501 2502 2503 2504 2505 2506 2507 2508 2509 2512 2513 2514 2515 2510 2511 2596 2597 2598 2602 2665 2666 2669 2625 2672
}

the_thirteen_colonies = {
	929 931 932 933 935 936 937 938 949 950 951 952 953 955 956 957 962 963 965 966 967 968
	970 971 2013 2010 2011 2023 2526 2539 2540 2541 2542 2543 2544 2545 2546 2547 2548 2549 2550 2551 2552 2553 2554 2555 2556 2557 2558 2559 2560 2561 2562 2564 2565 2566 2639
}

central_america = {
	835 836 837 838 839 840 841 842 843 844 845 846 847 848 849 850 851 852 853 854 855 856 857 858
	859 860 861 862 863 864 865 866 2614 2615 2616 2617 2618 2619 2620 2621 2622 2623 2624 2626 2627
	2628 2629 2630 2631 2632 2633 2634 2635 2636 2637 2638 2640 2641 2642 2643 2644 2645 2646 2647
	2648 2649 2650 2651 2652 2653 2657 2660 2661 2662 2663 2664 2667 2668
}

acadia_region = {
	971 982 983 984 985 986 2566 2567 2568 2569 2570 2571 2572
}

new_england_region = {
	966 967 968 969 970 971 2010 2013 2560 2561 2562 2563 2564 2565 2566
}

newfoundland_region = {
	980 981 2573
}

canada_region = {
	986 987 988 989 990 991 992 993 994 995 996 1001 1007 2012 2015 2576 2577 2578 2579 2580 2581 2582 2583 2584 2585 2586 2587 2670 2671
}

st_lawrence_region = {
	910 911 914 915 944 945 946 947 954 958 959 960 961 986 987 988 989 990 991 992 993 994 995 996 1001 1007 2012 2015 2521 2522 2559 2563 2576 2577 2578 2579 2580 2581 2582 2583 2584 2585 2586 2587 2670 2671 
}

hudson_bay_region = {
	998 999 1000 1002 1003 1004 1005 1006 1008 1009 1010 1011 1813 2004 2005 2016 2017 2018 2511 2588 2589 2590 2591 2592 2593 2594 2595 2596 2597 2598 2599 2600 2601 2602 2603
	### STT
	1806 3143 3144
}

mesoamerica_region = {
	839 841 842 843 844 845 846 847 848 849 850 851 852 853 854 2617 2621 2622 2623 2624 2626 2627 2628 2629 2630 2631 2632 2633 2634 2635 2636 2637 2638 2640 2641 2642 2643 2644 2645 2646 2647 2648 2649 2650 2651 2652 2653 2657 
}

yucatan_region = {
	845 846 2633 2634 2651 2652
}

columbia_region = {
	873 874 973 2003 2019 2482 2483 2484 2485 2486 2487 2488 2489 2604 2605 2606 2607 
}


########################################
# SOUTH AMERICA                        #
########################################

the_carribean = {
	482 483 484 485 486 487 488 489 490 491 492 493 494 495 496 497 498 499 500 501 502 1881 2654 2655 2656 2658 2659
	### STT
	3137
}

the_andes = {
	787 791 792 793 794 795 796 797 805 2835 2836 2837 2838 2839 2840 2841 2843 2862 2940 2941 2942 2946 #Qullasuyu
	802 804 2831 2947 #Antisuyu
	806 807 808 2828 2829 2830 #Kuntisuyu
	809 810 811 812 813 814 816 817 818 819 820 2820 2821 2822 2823 2824 2825 2826 2827 2943 #Chinchaysuyu
	783 784 2873 2874 #Chile
}

the_spanish_main = {
	828 829 2806 #New Andalucia
	741 742 743 830 831 834 2803 2804 2805 2807 2808 2809 2810 2811 2813 2939 #Venezuela
	822 823 824 825 826 827 832 2812 2814 2815 2816 2817 2818 #New Granada
	835 836 838 2660 2663 2664 2819 #Castilla Del Oro
}

guyana_region = {
	742 743 744 745 746 2803 2804 2931 2937 2938
}

venezuela_region = {
	741 742 743 830 831 834 2803 2804 2805 2807 2808 2809 2810 2811 2813 2939
}

new_andalucia_region = {
	828 829 2806
}

castilla_del_oro_region = {
	835 836 838 2660 2663 2664 2819
}

new_granada_region = {
	822 823 824 825 826 827 832 2812 2814 2815 2816 2817 2818
}

quito_region = {
	815 816 817 818 819 820 821 2820
}

amazonas = {
	747 748 758 800 803 815 821 822 2811 2815 2816 2823 2830 2832 2833 2888 2889 2890 2900 2901 2902 2903 2904 2905 2906 2907 2908 2909 2910 2911 2919 2923 2929 2930 2931 2933 2934 2935 2943 2944 2926 2928 2945
	### STT
	3007 
	3099 3100 3101 3102 3103 3104 3105 3106 3107 3108 3109 3110 3111 3112 3113 3114 3115 3116 3117 3118 3119 3120	
}

chile_region = {
	783 784 787 792 793 796 2840 2841 2862 2873 2874
}

bolivia_region = {
	795 797 800 801 802 803 2831 2832 2833 2834 2835 2838 2940 2941 2942 2946 2947
}

qullasuyu_region = {
	787 791 792 793 794 795 796 797 805 2835 2836 2837 2838 2839 2840 2841 2843 2862 2940 2941 2942 2946
}

antisuyu_region = {
	802 804 2831 2947
}

kuntisuyu_region = {
	806 807 808 2828 2829 2830
}

chinchaysuyu_region = {
	809 810 811 812 813 814 816 817 819 820 2820 2821 2822 2823 2824 2825 2826 2827 2943
}

paraguay_region = {
	775 776 799 2882 2883
}

la_plata_region = {
 	780 781 782 786 2863 2868 2869 2870 2875 2876 #Patagonia
	785 2843 2844 2845 2847 2867 2871 2872 2877 #Cuyo
	779 2860 2861 2865 2866 #Southern Pampas
	777 778 2846 2848 2849 2853 2855 2858 2859 #Buenos Aires
	791 794 2836 2837 2839 2842 #Tucoman
	790 2854 2878 #Chaco
}

pampas_region = {
	772 773 778 779 2848 2849 2850 2851 2852 2860 2861 2865 2866
}

patagonia_region = {
	780 781 782 786 2863 2868 2869 2870 2875 2876
}

cuyo_region = {
	785 2843 2844 2845 2847 2867 2871 2872 2877
}

southern_pampas_region = {
	779 2860 2861 2865 2866 
}

buenos_aires_region = {
	777 778 2846 2848 2849 2853 2855 2858 2859 2861
}

tucuman_region = {
	791 794 2836 2837 2839 2842
}

chaco_region = {
	790 799 2854 2878 2882 2883
}

banda_oriental_region = {
	772 773 2850 2851 2852
}

brazil_region = {
	2857 2879 2884 2887 #Rio Grande
	759 765 2891 2892 2894 2898 2899 #Minas Gerais
	758 2906 2907 2908 2909 2910 2911 2919 #Goias
	2881 2888 2893 2900 2901 2902 2903 2904 2905 2920 #Mato Grosso
	766 768 769 2895 2896 2897 #Sao Paolo
	762 763 764 #Rio De Janeiro
	756 757 760 761 2914 2916 #Bahia
	750 751 753 754 755 2885 2912 2913 2915 2917 2918 2921 2922 #Pernambuco
	749 752 2886 2923 2924 2925 2926 2927 #Maranhao
	747 748 2889 2890 2928 2929 2930 2933 2934 2935 2938 #Grao-Para
}

rio_grande_do_sol_region = {
	2857 2879 2884 2887
}

minas_gerais_region = {
	759 765 2891 2892 2894 2898 2899
}

goias_region = {
	758 2906 2907 2908 2909 2910 2911 2919
}

mato_grosso_region = {
	2881 2888 2893 2900 2901 2902 2903 2904 2905 2920
}

sao_paolo_region = {
	766 768 769 2895 2896 2897
}

rio_de_janeiro_region = {
	762 763 764
}

bahia_region = {
	756 757 760 761 2914 2916
}

pernambuco_region = {
	750 751 753 754 755 2885 2912 2913 2915 2917 2918 2921 2922
}

maranhao_region = {
	749 752 2886 2923 2924 2925 2926 2927
}

grao_para_region = {
	747 748 2889 2890 2928 2929 2930 2933 2934 2935 2938 
}

########################################
# India  		                       #
########################################

hindustan_region = {
	522 523 524 555 556 559 2055 2059 2060 2061 2062 2063 2094 2095 2097
}

punjab_region = {
	506 507 510 578 2065 2075 2076 2077 2078 2079 2086
}

bengal_region = {
	561 562 563 564 567 568 2038 2039 2045 2046 2081 2091
}

bihar_region = {
	558 2044 2047
}

jharkhand_region = {
	560 2096 2098
}

gondwana_region = {
	550 551 546 547 2050 2082 2092
}

orissa_region = {
	552 553 2043 2048 2049 2080 
}

telingana_region = {
	542 2028 2037
}

andhra_region = {
	543 549 1949 2083 2084 2090
}

coromandel_region = {
	536 539 540 543 2026 2083 2101
}

konkan_region = {
	529 530 531 2029 2030 2089
}

kerala_region = {
	534 535 537
}

malwa_region = {
	526 740 2057 2093
}

rajputana_region = {
	512 513 514 518 519 520 525 528 2058 2064 2066 2067 2087 
}

sindh_region = {
	504 505 2068 2072 2088
}

tamil_region = {
	536 538 539 540 1947 2026 2027 2085 2101
}

karnataka_region = {
	531 532 533 541 569 1948 2029 2031 2032 2033 2035 
}

maharashtra_region = {
	527 529 530 544 545 546 548 1946 2030 2034 2036 2089
}

assam_region = {
	566 570 571 573 2040 2041 2042
}

himalayas_region = {
	509 511 554 557 565 2069 2070 2071  
}

kashmir_region = {
	508 2073 2074
}

lanka_region = {
	572 2099 2100
}

gujarat_region = {
	503 515 516 517 521 2051 2052 2053 2054 2056
}

indian_ocean_islands = {
	572 574 1099 1100 1101 1248 1998 1999 2099 2100
}

indian_region = {
	522 523 524 555 556 559 2055 2059 2060 2061 2062 2063 2094 2095 2097 #Hindustan
	506 507 510 578 2065 2075 2076 2077 2078 2079 2086 #Punjab
	561 562 563 564 567 568 2038 2039 2045 2046 2081 2091 #Bengal
	558 2044 2047 #Bihar
	560 2096 2098 #Jharkhand
	550 551 547 2050 2082 2092 #Gondwana
	552 553 2043 2048 2049 2080 #Orissa
	542 2028 2037 #Telingana
	543 549 1949 2083 2084 2090 #Andhra
	534 535 537 #Kerala
	526 740 2057 2093 #Malwa
	512 513 514 518 519 520 525 528 2058 2064 2066 2067 2087 #Rajputana
	504 505 2068 2072 2088 #Sindh
	536 538 539 540 1947 2026 2027 2085 2101 #Tamil Country
	531 532 533 541 569 1948 2029 2031 2032 2033 2035 #Karnataka
	527 529 530 544 545 546 548 1946 2030 2034 2036 2089 #Maharashtra
	566 570 571 573 2040 2041 2042	#Assam
	509 511 554 557 565 2069 2070 2071  #Himalayas
	508 2073 2074 #Kashmir
	572 2099 2100	#Lanka
	503 515 516 517 521 2051 2052 2053 2054 2056 #Gujarat
}

indian_coast = {
	503 504 515 516 517 521 2051 2052 2054 # Gujarat + Sindh
	529 530 531 2029 2030 2089 #Konkan
	534 535 537 #Kerala
	572 2099 2100 #Lanka
	536 539 540 543 2026 2083 2101 #Coromandel
	549 552 561 564 568 2038 2039 2043 2080 2084 #Coasts of Bengal, Andhra and Orissa
}

########################################
# Greater China  		               #
########################################

outer_manchuria = {
	2102 2103 2104 2105 2106 2186 1048 1049 1050 729 1850
}

inner_manchuria = {
	2107 2108 2109 2110 2111 2185 2187 2188 725 727 728 730 731 1053 2112 2113 726 704
}

inner_mongolia = {
	722 723 702 701 709 724 2114 2115 2191 2747
}

outer_mongolia = {
	2116 2117 2189 2190 721 720 2193 718 719 716 1066 1058 717
}

tarim_basin = {
	2121 2123 2124 2192 712 739 710 711
}

zungaria = {
	2119 2120 714 715 713
}

tibet = {
	2128 2129 2130 2131 2132 2133 2134 2135 706 705 678 677 676
}

north_zhili = {
	2136 2137 703 1816 696 695
}

shandong = {
	2138 2139 2140 691 690
}

south_zhili = {
	2141 2142 2143 2144 2145 2146 2147 685 1821 1822 1838 686
}

zhejiang = {
	2148 2149 2150 684 1824
}

jiangxi = {
	2151 683 670 1833
}

fujian = {
	2152 2153 669 1829
}

taiwan = {
	2154 2155 738
}

guangdong = {
	2156 2157 2158 2159 2160 665 666 667 668 2161
}

guangxi = {
	2162 2163 2164 1840 664
}

yunnan = {
	2165 2166 2167 662 663 660 661
}

sichuan = {
	2168 2169 2170 680 679 675 2748
}

huguang = {
	2171 2172 2173 2174 682 671 681 672
}

henan = {
	2175 2176 692 688 687 1836
}

shanxi = {
	2177 2178 697 693 694
}

shaanxi = {
	2179 2180 2181 2182 2183 2184 700 689 698 699 708 707
}

guizhou = {
	673 674
}

chinese_region = {	#China Proper
	2136 2137 703 1816 696 695 2138 2139 2140 691 690 2141 2142 2143 2144 2145 2146
	2147 685 1821 1822 1838 686 2148 2149 2150 684 1824 2151 683 670 1833 2152 2153 
	669 1829 2154 2155 738 2156 2157 2158 2159 2160 665 666 667 668 2161 2162 2163 
	2164 1840 664 2165 2166 2167 662 663 660 661 2168 2169 2170 680 679 675 2171 2172
	2173 2174 682 671 681 672 2175 2176 692 688 687 1836 2177 2178 697 693 694 2179 
	2180 2181 2182 2183 2184 700 689 698 699 708 707 673 674 2748
}

chinese_coast = {
	666 667 668 669 684 685 690 695 704 726 2113 1816 2138 2139 2142 2145 1822 2148 2149  
	1824 1829 2154 2155 738 2156 2157 2159 2160 2161
}

eastasian_trade_ports = {
	503 504 515 516 517 521 529 530 531 534 535 536 537 539 540 543 549 552 561 564 568 572 579 586 590 591 592
	593 594 595 596 597 598 599 600 603 604 605 606 607 610 613 616 617 618 619 620 621 622 623 624 625 626 627
	628 629 630 665 666 667 668 669 684 685 690 695 704 726 738 1016 1022 1815 1816 1822 1824 1829 2026 2029 2030
	2038 2039 2043 2051 2052 2054 2080 2083 2084 2089 2099 2100 2101 2113 2138 2139 2142 2145 2148 2149 2154
	2155 2156 2157 2159 2160 2161
	2372 2373 2374 2376 2377 2380 2387 2390 2391 2392 2393 2394 2402 2403 2404
	2673 2674 2675 2676 2677 2680 2681 2682 2685 2687 2688 2689 2690 2691 2692
}

east_asian_cot = {
	596 630 667 1020 1821
}

steppes = {
	284 286 287 288 303 464 466 467 468 469 473 474 475
	1081 1965 1971 1974 2365 2367 2406 2409 2411 2412
	2413 2414 2415 2416 2417 2418 2419 2421 2447
}

funj_spawning_region = {
	1216 1219 1221 1222 1225
	2797 2798 2799 2800 2801 2802
}

fulo_spawning_region = {
	1112 1115 1117 1120 1131 2237 2238 2240 2243 2244 2245 2246
}
### STT
tsardom_region = {
	32 33 34 274 275 292 293 294 295 296 297 298 299 300 301 302 303 304
	305 306 307 308 309 310 311 312 313 314 467 473 771 1082 1083 1752 1753 1754 1755 1776 1777 1778 1079 1077
	1081 1945 1955 1956 1957 1958 1959 1960 1961 1962 1963 1964 1972 1971 1842 1834
    2408 2415 2421 2422 2423 475 2425 2749
	3145 3146
}
uninhabited_siberia_region = {
	1033 1034 1037 1039 1042 1044 1045 1048 1049 1050 1052 1055 1056 1057 1060 1062
	1063 1064 1065 1069 1070 1072 1073 1080 1780 2213 2214 2215 2607 2610 2611 2612
	2613 2614 2615 2616 2617 2618 2619 2620 2621 2622 2623 2624 2625 2626 2627 2628
	2629 2630 2631 2632 2633 2634 2635 2637 2638 2639 2640 2642 2645 2646
	3004 3005 3006 3147 3148
}