natives_american_inuit = {
	graphical_culture = inuitgfx
	color = { 0 255  255 }
	icon = 4
	
	unit = native_indian_archer
	
	provinces = {
		# Antertida
		2025
		# North America
		972 973 974 975 976 977 978 979 994 995 996 997 998 999 1001 1002 1003 1004 1005
		1006 1007 1008 1009 1010 1011 1805 1806 1807 1811 1812 1810 1813 2003 2004 2005
		2017 2018 2574 2575 2576 2577 2578 2579 2580 2581 2588 2590 2591 2592 2593 2594 2596 
		2597 2601 2603 2604 2605 2607 2609 2610 2611 2612 2613 
		# Greenland
		3185 1104 1105 
	}
}

natives_american_na = {
	graphical_culture = northamericagfx
	color = { 0 255  0 }
	icon = 1
	
	unit = native_indian_archer
	
	provinces = {
		# Other Bits of North America
		867 868 869 870 871 872 873 874 875 876
		877 878 879 880 881 882 883 884 885 886 887 888 889 890 891 892 893 894 895 896 897
		898 899 900 901 902 903 904 905 906 907 908 909 910 911 912 913 914 915 916 917 918
		919 920 921 922 923 924 925 926 927 928 929 930 931 932 933 934 935 936 937 938 939
		940 941 942 943 944 945 946 947 948 949 950 951 952 953 954 955 956 957 958 959 960
		961 962 963 964 965 966 967 968 969 970 971 980 981 982 983 984 985 986 987 988 989
		990 991 992 993 1808 1809 2006 2007 2008 2009 2010 2011 2012 2013 2014 2015 2016
		2019 2020 2021 2022 2023
	}
}

natives_american_ma = {
	graphical_culture = southamericagfx
	color = { 255  255  0 }
	icon = 5
	
	unit = native_indian_archer
	
	provinces = {
		# Mesoamerican
		858 857 856 855 854 851 852 853 848 850 849 847 844 845 846 843 842 841 840 839 838
		837 836 861 864 863 862 865 866 859 860
		835 2637 2640 2660 2661 2662 2663 2664 2819
		2614 2615 2617 2618 2619
		2002
	}
}

natives_american_sa = {
	graphical_culture = southamericagfx
	color = { 255  0  0 }
	icon = 6
	
	unit = native_indian_archer
	
	provinces = {
		# The Carribean
		481 482 483 484 485 486 487 488 489 490 491 492 493 494 495 496 497 498 499 500 501
		502 1881
		1814 2654 2655 2656 2658 2659 3355 3356 3357

		# South American
		741 742 743 744 745 746 747 748 749 750 751 752 753 754 755 756 757 758 759 760 761
		762 763 764 765 766 767 768 769 770 771 772 773 774 775 776 777 778 779 780 781 782
		783 784 785 786 787 788 789 790 791 792 793 794 795 796 797 798 799 800 801 802 803
		804 805 806 807 808 809 810 811 812 813 814 815 816 817 818 819 820 821 822 823 824
		825 826 827 828 829 830 831 832 833 834
		#An Island
		1095
		2803 2804 2805 2806 2807 2808 2809 2810 2811 2812 2813 2814 2815 2816 2817 2818 2819
		2820 2821 2822 2823 2824 2825 2826 2827 2828 2829 2830 2831 2832 2833 2834 2835 2836
		2837 2838 2839 2840 2841 2842 2843 2844 2845 2846 2847 2848 2849 2850 2851 2852 2853
		2854 2855 2857 2858 2859 2860 2861 2862 2863 2865 2866 2867 2868 2869 2870
		2871 2872 2873 2874 2875 2876 2877 2878 2879 2881 2882 2883 2884 2885 2886 2887
		2888 2889 2890 2891 2892 2893 2894
		2895 2896 2897 2898 2899 2900 2901 2902 2903 2904 2905 2906 2907 2908 2909 2910 2911
		2912 2913 2914 2915 2916 2917 2918 2919 2920 2921 2922 2923 2924 2925 2926 2927 2928
		2929 2930 2931 2933 2934 2935 2936 2937 2938 2939 2940 2941 2942 2943 2944 2945
		2946 2947 3410
	}
}

natives_african = {
	graphical_culture = africangfx
	color = { 180  180  80 }
	icon = 2
	
	unit = african_spearmen
	
	provinces = {
		# North Africa
		334 335 336 337 338 339 340 341 342 343 344 345 346 347 348 349 350 351 352 353 354
		355 356 357 358 359 360 361 362 363 364 365 366 367 368
		# Various Islands
		1096 1097 1098 1099 1100 1101 1102 1103
		# Most of Africa
		1110 1111 1112 1113 1114 1115 1116 1117 1118 1119 1120 1121 1122 1123 1124 1125 1126 
		1127 1128 1129 1130 1131 1132 1133 1134 1135 1136 1137 1138 1139 1140 1141 1142 1143
		1144 1145 1146 1147 1148 1149 1150 1151 1152 1153 1154 1155 1156 1157 1158 1159 1160
		1161 1162 1163 1164 1165 1166 1167 1168 1169 1170 1171 1172 1173 1174 1175 1176 1177
		1178 1179 1180 1181 1182 1183 1184 1185 1186 1187 1188 1189 1190 1191 1192 1193 1194
		1195 1196 1197 1198 1199 1200 1201 1202 1203 1204 1205 1206 1207 1208 1209 1210 1211
		1212 1213 1214 1215 1216 1217 1218 1219 1220 1221 1222 1223 1224 1225 1226 1227 1228
		1229 1230 1231 1232 1233 1234 1249
		1792
		774 788 789 833 2237 2238 2239 2240 2241 2242 2243 2244 2245 2246 2247 2248 2249 2250 2251 2252
		2253 2254 2255 2256 2257 2258 2259 2260 2261 2262 2263 2264 2265 2266 2267 2268 2269
		2270 2271 2272 2273 2274 2275 2276 2277 2278 2279 2280 2281 2282 2283 2284 2285 2286
		2287 2288 2289 2290 2291 2292 2293 2294 2295 2756 2757 2758 2759 2760 2761 2762 2763
		2764 2765 2766 2767 2768 2769 2770 2771 2772 2773 2774 2775 2776 2777 2778 2779 2780
		2781 2782 2783 2784 2785 2786 2787 2788 2789 2790 2791 2792 2793 2794 2795 2796 2797
		2798 2799 2800 2801 2802 2856 2864 2880 2932
		1901 2948 2949
		798 1168 2950 2951 2952 2954 1306
		3266
		3315 3316 3317 3318 3319 3320 3321 3322 3323 3324 3325 3326 3327 3328 2334 3268 3269 3267
		3270 3271 3272 3300 3299 3298 3297 3296 3295 3294 3301 3302 3303 3309 3304 3305 3310 3306
		3307 3311 3312 3308 3313 3314 3292 3293 3291 3331 3332 3333 3334 3335 3337 2508 2009
		3336 2602 2606 2509 3500 3501 3502 3503 3504 3508 3509 3510 3511 3512 3513 3514 3515 3516 3517
		3518 3519 3520 3521 3522 3523 3524 3525 3526 3527 3528 3529 3530 3531 3532 3533 3534 3535 3536 3537 3538 3539
		3540 3541 3542 3543 3544 3545 3546 3547 3548 3549 3550 3551 3552 3553 3554 3555 3556 3557 3558 3559 3560 3561
		3562 3563 3564 3565 3566 3568 3569 3570 3571 3575 3576 3577 3578 3579 3580 3581 3582 3583 3584 3585 3586 3587
		3588 3589 3590 3591 3592 3593 3594 3595 3596 3597 3598 3599 3600 3601 3602 3603 3604 3605 3606 3572 2510 2505
	}
}

natives_asian = {
	graphical_culture = indiangfx
	color = { 255  255  80 }
	icon = 3
	
	unit = east_asian_spearmen
	
	provinces = {
		# Middle east + central asia
		377 378 379 380 381 382 383 384 385 386 387 388 389 390 391 392 393 394 395 396 397
		398 399 400 401 402 403 404 405 406 407 408 409 410 411 412 413 414 415 416 417 418
		419 420 421 422 423 424 425 426 427 428 429 430 431 432 433 434 435 436 437 438 439
		440 441 442 443 444 445 446 447 448 449 450 451 452 453 454 455 456 457 458 459 460
		461 462 463 464 465 466 467 468 469 470 471 472 473 474 475 476 477 478 479
		# India
		503 504 505 506 507 508 509 510 511 512 513 514 515 516 517 518 519 520 521 522 523
		524 525 526 527 528 529 530 531 532 533 534 535 536 537 538 539 540 541 542 543 544
		545 546 547 548 549 550 551 552 553 554 555 556 557 558 559 560 561 562 563 564 565
		566 567 568 569 570 571 572 573 574 575 576 577 578 1946 1948 1949 1947
		# South East Asia
		579 580 581 582 583 584 585 586 587 588 589 590 591 592 593 594 595 596 597 598 599
		600 601 602 603 604 605 606 607 608 609 610 611 612 613 614 615 616 617 618 619 620
		621 622 623 624 625 626 627 628 629 630 631 632 633 634 635 636 637 638 639 640 641
		642 643 644 645 646 647 648 649 650 651 652 653 654 655 656 657 658 659 660 661
		# China and Places like that
		662 663 664 665 666 667 668 669 670 671 672 673 674 675 676 677 678 679 680 681 682
		683 684 685 686 687 688 689 690 691 692 693 694 695 696 697 698 699 700 701 702 703
		704 705 706 707 708 709 710 711 712 713 714 715 716 717 718 719 720 721 722 723 724
		725 726 727 728 729 730 731 732 733 734 735 736 737 739 740 1850 1845 1816 1836
		1838 1821 1822 1833 1824 1829 1840 1844 1817 1823 1815 
		# Japan and the far east
		1012 1013 1014 1015 1016 1017 1018 1019 1020 1021 1022 1023 1024 1025 1026 1027 1028
		1029 1030 1031 1032 1847 1852 1843 1837 1835 1839 1832 1830 1825 1820 1819 1818 
		# An Island 
		1248
		# New asian
		2679 2683 2684 2695 2696 2697 2698 2699 2700 2701 2702 2708 2713 2714 2717 2725 3338 3350 3351 3352 3353 3354 3358 3505 3506 3507 3607 3608
		# Taiwan
		738 2154 2155 3340
		# Australia
		1084 1085 1086 1087 1088 1089 1090 1091 1092 1093 1094
		# New Zealand
		1106 1107 1108 1109
		# Islands and places like that
		1235 1236 1237 1238 1239 1240 1241 1242 1243 1244 1245 1246
		1986 1987 1988 1989 1990 1991 1992 1993 1994 1995 1996 1997
		1998 1999
		2718 2719 2720 2721 2722 2723 2724
		2726 2727 2728 2729 2730 2731 2732 2733 2734 2735 2736
		2737 2738 2739
		1412 #Australia Tradenode		
	}
}

natives_siberian = {
	graphical_culture = inuitgfx
	color = { 127  255  255 }
	icon = 4
	
	unit = mongolian_bow
	
	provinces = {
		#Lapland
		18 3220 3204
		#Novgorod
		3198 2438
		# Siberia
		32 369 313 315 370 371 480 1034 1035 1036 1037 1038 1039 1040 1041 1042 1043 1044
		1045 1046 1047 1048 1049 1050 1051 1052 1053 1054 1055 1056 1057 1058 1059 1060 1061
		1062 1063 1064 1065 1066 1067 1068 1069 1070 1071 1072 1073 1074 1075 1076 1077 1078
		1079 1080 1081 1082 1083 1776 1777 1780 1962 1964 1963 1955 1958 309 1781 1782 1783
		2430 2432 2435 2439 2442 2443 2445
		#Sahalin
		1033 2598
	}
}
